TESTS: 30

Horizon: 12.0 Events: 4 Generations: 25 Population: 500 	--- Total Time: 1.325060 Optimal Fitness: 71.473351 [1 1 1 0; 1 1 1 1; 1 1 1 1][4.66458, 3.47962, 2.42633, 1.42947]
Horizon: 24.0 Events: 10 Generations: 25 Population: 500 	--- Total Time: 2.696337 Optimal Fitness: 246.500580 [1 0 1 0 1 0 1 0 1 1; 1 1 1 1 1 0 1 0 1 1; 1 1 0 1 1 1 1 1 1 1][4.17303, 1.52341, 2.78898, 3.54725, 0.773506, 3.26278, 1.82802, 1.83644, 2.58871, 1.67788]
Horizon: 36.0 Events: 14 Generations: 25 Population: 500 	--- Total Time: 3.659658 Optimal Fitness: 417.565597 [1 0 1 1 0 1 0 1 0 1 0 1 1 1; 1 0 1 1 0 1 1 0 1 1 0 0 1 1; 1 0 1 1 1 1 1 1 1 1 0 1 1 1][1.53071, 4.48236, 5.59978, 2.22099, 2.71947, 3.32808, 1.93526, 1.80028, 4.04211, 0.642649, 1.63451, 1.80387, 2.43265, 1.8273]
Horizon: 48.0 Events: 23 Generations: 50 Population: 1000 	--- Total Time: 23.127699 Optimal Fitness: 625.000000 [1 0 0 1 0 0 1 0 0 1 0 0 1 0 0 1 0 1 0 0 1 0 0; 1 1 1 0 1 0 1 1 0 1 0 1 0 1 0 1 1 1 0 0 1 0 0; 1 0 1 1 0 0 1 0 1 1 0 1 1 1 1 1 1 1 1 0 1 1 1][0.383535, 2.8878, 2.73118, 1.12456, 1.7885, 3.14236, 2.73919, 0.52639, 3.19244, 1.4909, 2.47832, 2.06161, 1.71577, 2.73318, 1.55227, 4.04492, 3.42073, 2.32834, 1.05534, 0.708362, 1.92584, 1.87096, 2.09749]
Horizon: 60.0 Events: 27 Generations: 50 Population: 1000 	--- Total Time: 27.491986 Optimal Fitness: 790.375684 [1 1 0 0 0 1 0 1 0 0 1 0 0 0 1 0 0 1 0 1 1 0 0 1 0 1 0; 1 1 0 1 0 0 1 1 1 0 0 1 0 1 1 0 0 1 1 1 1 0 0 1 0 1 1; 0 0 1 0 1 0 1 1 1 0 1 1 1 1 1 1 0 0 1 1 1 1 1 0 1 1 1][6.11136, 2.58189, 2.05505, 1.29164, 0.0381094, 2.15559, 3.98604, 3.39676, 1.37439, 1.20628, 1.59283, 1.52507, 2.70042, 0.0352339, 5.30596, 0.222208, 0.0435248, 3.12957, 3.71665, 4.03328, 1.96667, 2.40526, 0.776645, 1.32686, 2.87699, 2.28265, 1.86306]
Horizon: 72.0 Events: 33 Generations: 50 Population: 1000 	--- Total Time: 32.886948 Optimal Fitness: 967.493176 [0 1 1 1 0 0 1 0 1 0 0 1 0 1 0 0 1 0 0 1 0 1 0 0 0 1 0 0 0 0 1 1 0; 1 0 1 0 1 0 0 1 1 0 0 1 1 1 0 1 0 1 0 1 1 0 0 1 1 0 0 1 0 1 1 0 1; 0 1 1 1 1 0 1 1 1 1 0 1 1 1 0 1 1 1 0 1 1 1 0 1 1 0 1 1 1 1 1 1 1][0.185027, 0.0123435, 6.0434, 0.531015, 0.645242, 4.02439, 1.82755, 4.27642, 2.95787, 1.07, 1.84094, 3.1879, 3.4543, 3.14277, 1.01039, 1.86122, 2.88624, 0.589915, 2.85507, 3.94688, 2.00845, 0.384312, 1.77418, 4.11992, 0.752851, 1.49484, 2.09263, 1.49746, 2.06866, 4.2917, 0.465559, 2.42649, 2.27405]
