TESTS: 30

Horizon: 12.0 Events: 4 Generations: 25 Population: 500 	--- Total Time: 1.356811 Optimal Fitness: 71.471538 [1 1 1 0; 0 1 1 1; 0 1 1 1][4.66463, 3.4796, 2.4263, 1.42946]
Horizon: 24.0 Events: 10 Generations: 25 Population: 500 	--- Total Time: 2.743241 Optimal Fitness: 244.116585 [1 0 1 0 0 1 1 0 1 1; 0 0 1 0 1 1 1 0 1 1; 0 0 1 1 1 1 1 1 1 1][4.40703, 1.43375, 1.25108, 3.26691, 1.18423, 3.96029, 1.93968, 1.88649, 2.75843, 1.91212]
Horizon: 36.0 Events: 14 Generations: 25 Population: 500 	--- Total Time: 3.537394 Optimal Fitness: 392.571778 [1 1 0 0 1 0 1 0 1 0 1 0 1 1; 0 1 1 0 1 0 1 0 1 0 1 0 1 1; 1 0 1 1 1 1 1 1 1 1 1 1 1 1][6.37837, 0.395798, 2.93904, 1.69651, 3.02218, 1.82298, 1.73714, 3.91344, 3.02895, 1.3806, 2.01838, 1.86512, 2.74713, 3.05437]
Horizon: 48.0 Events: 23 Generations: 50 Population: 1000 	--- Total Time: 23.182895 Optimal Fitness: 614.442228 [1 0 1 0 0 0 1 0 0 1 0 0 1 0 0 1 0 0 1 0 1 1 1; 0 0 1 0 1 0 1 1 0 1 0 1 0 1 0 1 0 1 1 0 1 0 1; 1 0 1 1 1 1 1 1 1 1 1 1 1 1 1 1 1 1 1 1 1 1 1][3.81403, 1.86923, 0.919825, 2.7591, 1.77976, 0.802784, 4.05169, 1.13621, 0.836776, 1.26477, 3.26445, 1.62134, 1.94578, 3.98803, 0.221561, 0.449978, 3.56544, 3.44835, 2.1421, 1.88558, 2.26975, 1.88646, 2.07699]
Horizon: 60.0 Events: 27 Generations: 50 Population: 1000 	--- Total Time: 27.257392 Optimal Fitness: 763.937133 [1 0 1 0 1 1 0 1 0 0 1 0 0 0 1 1 0 1 0 1 1 1 0 0 1 0 0; 0 1 1 1 1 1 1 1 1 1 1 0 1 0 0 0 1 1 0 1 1 1 0 0 1 0 1; 0 1 0 1 1 1 1 1 1 0 0 1 1 0 0 1 1 1 1 1 1 0 0 1 1 1 1][2.1325, 2.89527, 3.09052, 2.75823, 5.31563, 1.10567, 4.62156, 4.28191, 0.571854, 1.12495, 0.280214, 3.36218, 0.5184, 0.733264, 0.323916, 2.5754, 3.72133, 3.82594, 1.81315, 4.57615, 0.238376, 0.26562, 2.30039, 1.67109, 1.86731, 2.11186, 1.9173]
Horizon: 72.0 Events: 33 Generations: 50 Population: 1000 	--- Total Time: 32.553693 Optimal Fitness: 936.894569 [1 0 1 0 0 1 0 1 0 0 1 0 0 1 1 0 0 1 0 1 1 1 1 0 0 0 1 0 1 0 1 0 0; 0 1 1 0 1 1 1 0 1 0 1 0 0 1 0 1 1 0 1 1 1 0 0 0 0 1 1 1 1 0 1 0 1; 0 1 1 1 1 1 1 1 1 1 1 1 1 0 1 1 1 1 1 1 1 0 1 0 1 1 1 1 1 1 1 1 1][2.87726, 3.08359, 0.839086, 2.15649, 3.13523, 3.3814, 3.4346, 0.469426, 0.16624, 4.08822, 4.66883, 0.118977, 1.56057, 0.541705, 2.33112, 3.83876, 0.642837, 2.88282, 3.15952, 5.08549, 0.092969, 0.214623, 0.47402, 0.311461, 2.89135, 2.55955, 3.91074, 2.50053, 3.07649, 1.2768, 1.90072, 2.13427, 2.19431]
.03063]
