
TESTS: 30

Time: 0.0000 Horizon: 12.00 Events: 4 Population: 500 Generations: 25 Theta: 0.90 Mutation: 1.00 Delta: 1.00 Fitness: 71.450919
Time: 0.0000 Horizon: 24.00 Events: 10 Population: 500 Generations: 25 Theta: 0.90 Mutation: 1.00 Delta: 1.00 Fitness: 247.807600
Time: 0.000000 Horizon: 36.00 Events: 14 Population: 500 Generations: 25 Theta: 0.90 Mutation: 1.00 Delta: 1.00 Fitness: 424.196380
Time: 0.000000 Horizon: 48.00 Events: 23 Population: 1000 Generations: 50 Theta: 0.90 Mutation: 1.00 Delta: 1.00 Fitness: 612.876620
Time: 0.000000 Horizon: 60.00 Events: 27 Population: 1000 Generations: 50 Theta: 0.90 Mutation: 1.00 Delta: 1.00 Fitness: 787.478131
Time: 0.000000 Horizon: 72.00 Events: 33 Population: 1000 Generations: 50 Theta: 0.90 Mutation: 1.00 Delta: 1.00 Fitness: 940.187355
