Horizon: 8.00
Events: 5
TESTS: 30

Horizon: 8.0 Events: 5 Generations: 25 Population: 500 	--- Total Time: 2.296327 Optimal Fitness: 1503.789185 [1 1 0 1 1; 2 4 3 4 3; 2 3 3 4 3; 5 0 5 0 5][2.4138, -0.0234051, 2.55117, 1.12732, 1.93112]
Horizon: 10.0 Events: 8 Generations: 50 Population: 1000 	--- Total Time: 11.408291 Optimal Fitness: 1938.103638 [1 1 1 1 1 1 0 0; 2 0 0 3 4 4 0 3; 2 0 0 3 3 0 4 3; 5 0 0 0 5 5 0 5][2.45228, 0.0836216, 0.130816, 2.63483, 1.23742, 0.62651, 0.885716, 1.94881]
Horizon: 12.0 Events: 8 Generations: 50 Population: 1000 	--- Total Time: 11.790739 Optimal Fitness: 2562.179199 [1 0 1 1 1 0 0 0; 2 2 2 4 3 0 4 3; 2 2 3 4 3 0 4 3; 0 5 0 5 5 5 0 5][-0.0636861, 2.5217, 2.67497, 0.999336, 1.77452, 0.887837, 1.19161, 2.01371]
Horizon: 14.0 Events: 10 Generations: 75 Population: 1000 	--- Total Time: 20.316037 Optimal Fitness: 3211.059814 [1 1 1 1 0 1 0 1 1 1; 2 3 4 4 3 0 4 3 0 4; 2 3 2 0 0 3 4 3 0 3; 5 5 0 5 5 0 5 5 0 5][2.67278, 2.67746, 1.11854, 1.3726, 0.0797337, 2.66706, 1.30558, 0.50252, 1.65694, -0.0532165]
Horizon: 16.0 Events: 12 Generations: 75 Population: 2000 	--- Total Time: 48.357766 Optimal Fitness: 3638.750000 [1 0 1 0 1 1 1 0 1 1 1 0; 3 2 3 0 3 0 4 3 0 4 0 3; 3 2 3 0 4 2 0 3 0 4 4 3; 0 5 5 5 0 5 5 5 5 5 0 5][0.0599788, 2.75003, 1.69598, 1.03434, 1.37828, 1.46674, 1.34287, 2.27105, 0.405962, 1.31027, 0.0793857, 2.2051]
Horizon: 18.0 Events: 14 Generations: 75 Population: 2000 	--- Total Time: 51.604787 Optimal Fitness: 4182.119629 [1 1 1 0 0 1 1 1 1 1 0 0 1 0; 2 4 2 0 4 3 4 0 4 3 3 0 4 3; 2 0 3 0 0 3 4 2 0 0 3 0 4 3; 0 0 0 0 0 0 5 5 0 5 0 5 5 5][2.63422, 0.0256653, 0.130155, 2.49051, 0.0496182, 2.66895, 1.15171, 0.266527, 1.96708, 0.43726, 1.89484, 0.779585, 1.27327, 2.2306]
Horizon: 20.0 Events: 16 Generations: 75 Population: 4000 	--- Total Time: 117.422408 Optimal Fitness: 4752.146484 [0 1 1 1 1 1 0 1 0 1 0 1 1 0 1 1; 0 2 3 2 3 4 2 0 2 0 0 0 3 0 4 3; 0 2 2 3 3 4 3 0 4 0 3 0 0 0 4 3; 0 0 5 5 5 0 0 5 5 5 0 0 5 0 5 5][0.00329458, 2.66675, -0.0640327, 2.67432, 2.66523, 1.31146, 2.46696, 0.204762, 0.46607, 1.46151, 0.0410745, 0.436615, 2.07004, 0.143582, 1.29713, 2.15524]
Horizon: 22.0 Events: 18 Generations: 75 Population: 4000 	--- Total Time: 129.739053 Optimal Fitness: 5462.342773 [1 1 0 1 1 1 0 0 0 0 0 1 0 1 0 1 1 1; 2 2 0 2 0 0 0 3 4 3 0 0 0 0 4 3 4 3; 2 3 0 0 3 0 0 3 4 4 2 0 0 0 4 3 4 3; 5 0 5 0 0 5 0 5 0 5 0 0 0 5 0 5 5 5][2.66714, 0.97309, 1.66073, 0.00662727, 1.72462, 0.866486, 0.0753776, 2.64077, 1.33664, -0.0421891, 1.6384, 0.48154, 0.159214, 0.381765, 1.30419, 2.6476, 1.31011, 2.16789]
Horizon: 24.0 Events: 21 Generations: 75 Population: 4000 	--- Total Time: 145.577599 Optimal Fitness: 5805.345215 [0 1 1 0 1 0 0 1 0 1 1 1 1 1 1 0 1 1 0 1 1; 2 0 0 3 2 0 2 3 0 3 0 4 2 0 4 0 3 0 4 0 3; 2 0 0 3 3 0 3 4 4 0 4 2 0 4 0 3 0 0 4 4 3; 0 0 0 0 0 5 0 5 5 0 5 5 0 5 5 5 5 0 5 0 5][0.350699, 1.55592, 0.78154, 2.67028, 1.12059, 1.61259, 2.67332, 0.0243215, -0.0325026, 1.38575, 1.34224, 0.300786, 2.22034, 0.513246, 0.846246, 0.0700599, 0.254819, 2.42528, 0.0264682, 1.33778, 2.52023]
