Horizon: 8.00
Events: 5
TESTS: 30

Horizon: 8.0 Events: 5 Generations: 25 Population: 500 	--- Total Time: 2.234175 Optimal Fitness: 1498.609009 [1 1 0 1 0; 2 3 4 0 3; 2 3 4 0 3; 5 0 0 0 5][2.41229, 2.54216, 0.727674, 0.392546, 1.92533]
Horizon: 10.0 Events: 8 Generations: 50 Population: 1000 	--- Total Time: 11.227884 Optimal Fitness: 1894.493652 [0 1 1 1 1 1 0 1; 0 2 0 3 0 2 0 3; 0 2 0 3 0 4 4 3; 0 0 0 5 0 0 5 5][0.000208345, 1.81987, 0.762557, 1.96908, 0.697366, 1.31153, 0.834994, 2.6044]
Horizon: 12.0 Events: 8 Generations: 50 Population: 1000 	--- Total Time: 11.652534 Optimal Fitness: 2498.197021 [1 1 1 0 1 1 0 1; 2 3 0 4 2 4 0 3; 2 4 3 3 0 4 4 3; 5 5 0 0 5 5 0 5][2.6809, 0.00308712, 2.66971, 1.32573, 1.9427, 1.2617, 0.00250386, 2.11366]
Horizon: 14.0 Events: 10 Generations: 75 Population: 1000 	--- Total Time: 20.584366 Optimal Fitness: 3222.381104 [1 0 1 1 1 1 0 1 1 1; 2 0 0 3 4 4 0 3 4 3; 2 0 0 3 2 0 3 0 4 3; 0 0 0 0 0 0 5 5 5 5][0.60395, 1.05226, 1.00771, 2.6663, 1.33674, 1.24449, 0.0335924, 2.65812, 1.23815, 2.15868]
Horizon: 16.0 Events: 12 Generations: 75 Population: 2000 	--- Total Time: 47.768096 Optimal Fitness: 3648.198730 [1 1 1 1 0 1 1 1 1 0 0 1; 2 0 3 3 0 2 0 0 3 0 4 3; 2 0 3 2 0 4 4 0 3 0 4 3; 5 0 0 5 0 5 0 0 5 5 5 5][2.22478, 0.314156, 2.66558, 1.36026, 1.07215, 1.32103, 1.03445, 0.0356633, 2.61447, 0.0245004, 1.24528, 2.08769]
Horizon: 18.0 Events: 14 Generations: 75 Population: 2000 	--- Total Time: 51.023533 Optimal Fitness: 4134.655762 [1 1 0 1 0 0 1 0 0 1 0 1 0 1; 2 3 0 3 0 0 4 3 3 0 2 0 0 3; 2 3 0 2 0 0 3 0 4 4 4 0 4 3; 5 5 5 0 0 5 5 5 0 5 0 5 0 5][2.63954, 0.804776, 1.86069, 1.77546, 0.819747, 0.0689903, 0.0586484, 2.48846, 1.32531, 1.32324, 0.887477, 0.0415513, 1.71552, 2.19059]
Horizon: 20.0 Events: 16 Generations: 75 Population: 4000 	--- Total Time: 114.906812 Optimal Fitness: 4737.475586 [1 1 0 1 0 1 1 1 0 1 0 1 1 0 1 1; 2 0 3 3 0 3 4 3 0 2 4 2 0 0 4 3; 2 0 3 3 0 2 4 3 0 4 3 0 0 0 4 3; 0 0 0 5 5 0 5 0 5 5 5 5 0 0 5 5][1.43883, 1.23207, 0.00821704, 2.56037, 0.108492, 2.67192, 1.32871, 2.21049, 0.429687, 1.93092, 0.00929642, 0.579617, 0.970252, 1.11538, 1.21818, 2.18757]
Horizon: 22.0 Events: 18 Generations: 75 Population: 4000 	--- Total Time: 125.200843 Optimal Fitness: 5225.720703 [1 1 1 0 1 1 1 1 1 1 1 0 0 1 0 1 1 0; 2 0 2 0 2 2 4 4 4 3 0 3 4 4 4 3 0 3; 3 2 3 0 3 3 3 0 4 3 0 4 0 2 0 3 0 3; 5 0 0 0 5 5 5 5 5 5 0 5 0 5 0 5 0 5][0.00663082, 2.62645, 2.49116, 0.173325, 2.55848, 2.65186, 1.2552, 1.4099, 1.21925, 1.85579, 0.807933, 0.0044867, 1.21771, 0.150108, 1.64645, 1.13178, 0.791664, 0.0018188]
Horizon: 24.0 Events: 21 Generations: 75 Population: 4000 	--- Total Time: 140.932808 Optimal Fitness: 5898.437500 [1 1 1 0 0 0 1 1 1 0 0 1 1 0 0 1 0 0 1 1 1; 2 3 3 2 2 0 0 2 2 0 0 0 4 0 0 3 0 3 0 4 3; 2 3 4 3 4 4 3 0 2 3 0 0 3 4 0 3 0 2 4 0 3; 0 0 0 5 5 5 5 5 5 0 0 5 0 5 0 5 0 5 5 0 5][2.74056, 2.68514, 0.115462, 2.67346, 1.3464, 1.31511, 0.0506736, 2.66723, 0.039429, 0.59356, 1.28156, 0.817403, 0.0509078, 0.18765, 1.14902, 1.7378, 0.928089, 0.0799461, 0.0991537, 1.25589, 2.18554]
