Horizon: 8.00
Events: 5
TESTS: 30

Horizon: 8.0 Events: 5 Generations: 25 Population: 500 	--- Total Time: 2.278018 Optimal Fitness: 1497.971919 [1 1 1 1 1; 2 0 3 4 3; 2 0 3 4 3; 5 0 0 5 5][0.472554, 1.93855, 2.54271, 1.12041, 1.92577]
Horizon: 10.0 Events: 8 Generations: 50 Population: 1000 	--- Total Time: 11.292601 Optimal Fitness: 1893.410244 [1 1 1 0 1 0 0 1; 2 0 0 3 0 2 0 3; 2 0 0 3 0 4 4 3; 0 5 0 0 5 5 0 5][1.82667, 0.387462, 0.369309, 1.55571, 1.10879, 0.970115, 1.17485, 2.60709]
Horizon: 12.0 Events: 8 Generations: 50 Population: 1000 	--- Total Time: 11.884507 Optimal Fitness: 2522.659516 [1 1 0 1 1 1 1 0; 2 3 0 4 4 2 0 3; 2 3 0 3 0 0 4 3; 0 5 5 0 5 5 0 5][2.6689, 2.24827, 0.416817, 1.22645, 1.13915, 0.780343, 1.50666, 2.01341]
Horizon: 14.0 Events: 10 Generations: 75 Population: 1000 	--- Total Time: 20.545385 Optimal Fitness: 3125.819275 [1 1 1 1 1 0 1 1 1 0; 3 2 2 3 3 0 4 4 4 3; 4 3 2 3 2 0 3 0 4 3; 5 0 5 5 5 0 5 5 0 5][-0.0279812, -0.0279812, 2.66588, 2.66786, 2.3837, 0.272716, 1.32756, 1.28018, 1.16904, 2.28902]
Horizon: 16.0 Events: 12 Generations: 75 Population: 2000 	--- Total Time: 49.558644 Optimal Fitness: 3638.750000 [0 1 0 1 0 1 1 0 1 0 1 1; 0 4 2 0 3 3 4 3 0 0 4 3; 0 0 2 0 3 2 4 3 0 0 4 3; 0 0 0 0 0 0 5 5 5 5 5 5][0.111095, 0.169903, 2.50349, 0.221788, 2.76834, 2.67257, 1.33861, 2.25887, 0.365552, 0.10164, 1.29611, 2.19203]
Horizon: 18.0 Events: 14 Generations: 75 Population: 2000 	--- Total Time: 52.599506 Optimal Fitness: 4142.598299 [0 1 1 1 0 0 0 1 1 1 1 1 1 0; 2 0 3 3 0 0 4 2 0 4 4 4 3 4; 2 0 3 4 2 0 0 3 0 3 0 4 3 3; 5 5 0 0 0 5 0 5 0 5 5 0 5 5][1.18465, 1.45963, 2.68496, 1.29607, 0.89235, 0.445945, 1.33229, 0.253378, 2.40371, 1.90805, 0.761837, 1.11152, 2.27663, -0.0110148]
Horizon: 20.0 Events: 16 Generations: 75 Population: 4000 	--- Total Time: 117.528181 Optimal Fitness: 4679.545222 [1 0 1 1 1 1 1 1 1 1 0 1 0 1 1 0; 2 0 0 3 0 3 4 2 4 3 0 0 4 4 3 3; 3 2 0 3 0 2 3 0 4 3 0 0 4 2 0 3; 5 5 0 5 0 0 5 5 5 0 0 5 0 5 0 5][-0.00697604, 2.42706, 0.241315, 2.31483, 0.35125, 2.68104, 0.00603354, 2.66341, 1.34438, 0.558776, 0.711526, 1.39254, 1.33697, 1.65137, 0.113493, 2.21298]
Horizon: 22.0 Events: 18 Generations: 75 Population: 4000 	--- Total Time: 129.376866 Optimal Fitness: 5210.535004 [0 1 1 1 0 0 0 1 1 0 0 1 1 1 1 0 1 1; 2 0 2 3 0 3 4 2 3 0 0 0 0 4 3 4 3 4; 2 0 3 3 0 2 4 3 4 0 0 3 0 0 4 0 3 3; 5 5 0 5 0 0 5 5 5 5 0 5 5 0 5 0 5 5][1.6405, 1.03729, 2.63064, 1.25553, 1.28074, 2.62255, 1.3379, 2.69951, 0.0649532, 0.720804, 0.54796, 0.327778, 0.599297, 1.68221, 0.178477, 1.0887, 2.28211, 0.00305223]
Horizon: 24.0 Events: 21 Generations: 75 Population: 4000 	--- Total Time: 147.193049 Optimal Fitness: 5776.482472 [1 1 1 1 1 1 1 0 1 1 1 1 0 1 1 1 0 1 1 1 0; 2 0 3 0 2 4 0 2 0 3 0 4 4 2 0 4 4 4 4 2 3; 2 0 2 3 0 4 4 3 0 2 0 4 2 3 0 3 0 3 0 4 3; 0 5 5 0 0 0 0 0 0 0 5 5 5 0 5 5 0 5 0 5 5][2.57856, 0.111451, 0.0757558, 2.66066, 0.023077, 0.0532417, 0.0200539, 0.789143, 1.86975, 2.44874, 0.20647, 1.34715, -0.0266433, 0.0597364, 2.56268, 1.3103, 1.33554, 1.24584, 1.48022, 1.8322, 2.01608]
