Horizon: 8.00
Events: 5
TESTS: 30

Horizon: 8.0 Events: 5 Generations: 25 Population: 500 	--- Total Time: 2.136406 Optimal Fitness: 1495.243229 [1 1 0 1 1; 2 0 3 4 3; 2 0 3 4 3; 0 5 0 0 5][2.04137, 0.379063, 2.538, 1.12107, 1.9205]
Horizon: 10.0 Events: 8 Generations: 50 Population: 1000 	--- Total Time: 10.492801 Optimal Fitness: 1890.150263 [1 1 0 1 0 0 1 1; 2 3 0 0 0 2 0 3; 2 3 0 0 0 4 4 3; 5 0 5 5 5 0 5 5][2.5672, 1.71097, 0.161239, 0.311774, 0.481698, 0.826574, 1.34524, 2.59531]
Horizon: 12.0 Events: 8 Generations: 50 Population: 1000 	--- Total Time: 10.681740 Optimal Fitness: 2567.519394 [0 1 1 1 0 0 1 0; 4 2 2 4 3 4 2 3; 2 0 3 4 3 4 2 3; 0 0 5 5 5 5 0 5][0.0, 2.47314, 2.65106, 0.973188, 2.65488, 1.21663, 0.00335469, 2.03163]
Horizon: 14.0 Events: 10 Generations: 75 Population: 1000 	--- Total Time: 18.209734 Optimal Fitness: 3022.088259 [0 1 1 1 0 1 0 1 0 0; 2 0 3 0 3 0 4 3 4 3; 2 0 2 0 3 0 4 3 4 3; 0 5 5 0 0 0 0 5 5 5][0.646607, 1.76229, 2.46091, 0.0714344, 2.19878, 0.442865, 1.30412, 2.15098, 1.07824, 1.88377]
Horizon: 16.0 Events: 12 Generations: 75 Population: 2000 	--- Total Time: 43.685250 Optimal Fitness: 3637.083333 [1 1 0 1 0 0 1 1 0 0 1 0; 2 3 0 4 2 0 4 4 2 4 3 3; 2 3 0 4 0 3 4 3 0 4 3 4; 5 5 5 5 5 0 0 5 5 5 5 5][2.69543, 1.50382, 1.16686, 0.00818144, 0.0760324, 2.70021, 1.33388, 0.00407276, 2.68886, 1.35181, 2.45784, 0.013005]
Horizon: 18.0 Events: 14 Generations: 75 Population: 2000 	--- Total Time: 44.072511 Optimal Fitness: 4116.162422 [0 1 1 1 1 0 0 1 1 1 1 1 1 1; 2 2 2 0 2 2 4 3 4 2 3 4 3 3; 3 2 3 0 3 3 2 3 4 2 2 4 3 2; 0 5 0 0 0 0 0 0 0 5 0 5 5 5][0.00297271, 2.36592, 0.0672023, 2.53155, 0.00297271, 2.63136, 0.000112156, 2.59535, 1.32387, 0.00297271, 2.54332, 1.33978, 2.63088, 0.0]
Horizon: 20.0 Events: 16 Generations: 75 Population: 4000 	--- Total Time: 90.243006 Optimal Fitness: 4656.666667 [0 0 1 0 1 1 1 1 1 0 1 1 1 1 1 0; 4 0 3 2 2 2 3 0 4 2 4 3 2 0 3 2; 3 4 2 0 2 3 3 0 4 3 3 0 4 4 3 2; 5 5 5 0 0 0 0 0 5 5 5 5 5 5 5 5][0.00481918, 0.0, 0.0, 0.0, 2.70023, 2.68729, 1.68715, 0.955235, 1.33564, 2.67906, 1.33388, 1.74867, 1.41643, 1.24923, 2.2508, 0.0]
Horizon: 22.0 Events: 18 Generations: 75 Population: 4000 	--- Total Time: 102.052159 Optimal Fitness: 5126.666667 [1 1 1 1 1 0 0 1 1 1 0 0 1 1 0 1 1 0; 2 3 0 0 0 2 3 0 4 2 0 2 2 3 0 0 4 3; 2 3 2 0 0 0 0 3 4 4 3 3 3 4 2 3 4 3; 0 0 0 0 5 5 0 5 0 5 5 0 5 0 5 0 5 5][2.66918, 0.13498, 0.775028, 0.0469541, 1.77787, 0.0257965, 0.0532229, 2.67682, 1.40338, 0.00305453, 0.00305453, 2.69547, 2.74913, 1.34201, 0.003419, 2.02066, 1.40216, 2.21782]
Horizon: 24.0 Events: 21 Generations: 75 Population: 4000 	--- Total Time: 111.445308 Optimal Fitness: 5738.304973 [1 1 1 1 0 1 0 1 1 0 0 1 1 0 0 0 1 0 1 1 0; 2 2 2 4 0 3 3 0 2 4 0 4 4 3 0 4 4 0 4 3 2; 2 3 3 4 0 3 2 0 2 0 0 3 4 3 0 4 4 3 0 0 3; 0 5 5 0 5 0 5 0 5 0 5 0 0 5 5 5 5 0 5 5 5][2.67072, 2.68751, 2.67279, 0.00268501, 1.27702, 2.68447, 1.12154, 1.56124, 0.702483, 1.033, 0.0886651, 0.0, 1.2674, 2.50923, 0.176452, 1.26657, 0.00268501, 0.0305174, 0.044801, 2.26645, 0.0]
