Horizon: 8.00
Events: 5
TESTS: 30

Horizon: 8.0 Events: 5 Generations: 25 Population: 500 	--- Total Time: 2.006576 Optimal Fitness: 1498.946291 [1 1 1 0 0; 2 3 0 4 3; 2 0 3 4 3; 0 5 5 0 5][2.34978, 0.10384, 2.502, 1.12009, 1.92429]
Horizon: 10.0 Events: 8 Generations: 50 Population: 1000 	--- Total Time: 10.133637 Optimal Fitness: 1898.725692 [1 1 0 0 0 1 1 0; 2 3 3 0 4 0 0 3; 2 3 4 4 4 0 2 3; 5 0 5 5 0 0 5 5][2.53713, 2.66514, 1.30482, 0.955238, 0.385536, 0.498918, 0.000222607, 1.65299]
Horizon: 12.0 Events: 8 Generations: 50 Population: 1000 	--- Total Time: 10.513224 Optimal Fitness: 2501.937116 [0 1 1 1 1 1 0 0; 3 2 4 3 4 4 2 3; 3 2 3 0 3 0 4 3; 5 0 0 0 5 5 5 5][0.0, 2.67402, 0.0246028, 2.66676, 1.20748, 1.48719, 2.08674, 1.89313]
Horizon: 14.0 Events: 10 Generations: 75 Population: 1000 	--- Total Time: 18.602926 Optimal Fitness: 3225.521696 [1 1 1 0 1 0 1 1 1 0; 0 2 3 0 4 4 0 3 4 3; 2 0 3 0 2 0 3 0 4 3; 5 0 0 0 5 5 5 5 5 5][0.000434688, 2.66677, 0.431526, 2.23474, 1.27709, 1.29956, 0.0175227, 2.66491, 1.24438, 2.16307]
Horizon: 16.0 Events: 12 Generations: 75 Population: 2000 	--- Total Time: 44.048806 Optimal Fitness: 3637.083333 [1 1 1 0 1 1 1 0 0 1 0 1; 2 2 3 4 2 0 0 4 0 3 0 4; 2 3 3 4 3 0 0 3 4 4 3 3; 0 5 5 0 5 5 5 0 0 5 0 5][2.67043, 2.68557, 2.69242, 1.38104, 2.48001, 0.0674308, 0.158077, 0.00651917, 1.24366, 0.418978, 2.18078, 0.0150917]
Horizon: 18.0 Events: 14 Generations: 75 Population: 2000 	--- Total Time: 47.992190 Optimal Fitness: 4134.730008 [1 0 1 1 1 0 1 0 1 1 1 0 0 0; 2 0 3 0 3 0 3 3 0 4 3 0 4 3; 2 0 3 0 2 0 0 4 3 0 4 2 0 3; 5 5 0 5 0 5 5 0 5 0 5 0 5 5][0.356665, 2.28394, 0.112295, 2.4995, 1.38269, 1.27361, 1.803e-5, 1.33454, 1.27212, 1.33271, 1.33307, 1.00747, 1.34451, 2.46691]
Horizon: 20.0 Events: 16 Generations: 75 Population: 4000 	--- Total Time: 108.041806 Optimal Fitness: 4664.067128 [1 1 0 0 0 1 1 1 1 1 1 1 0 0 1 0; 2 0 2 3 3 4 0 2 0 3 0 4 4 2 0 3; 2 0 4 3 2 3 4 3 0 3 0 4 4 3 4 3; 5 5 5 0 5 0 5 0 0 5 5 5 0 5 0 5][2.36721, 0.30207, 0.00527227, 2.67967, 2.66792, 0.010477, 1.32738, 2.39953, 0.281497, 2.61096, 0.0649443, 0.00587956, 1.18209, 0.209848, 1.72337, 2.16188]
Horizon: 22.0 Events: 18 Generations: 75 Population: 4000 	--- Total Time: 119.613077 Optimal Fitness: 5408.379882 [1 0 1 1 1 1 1 1 1 1 1 0 1 0 0 0 1 0; 0 2 2 3 0 4 2 0 4 2 2 0 0 4 4 3 0 4; 3 2 3 3 0 4 3 0 4 3 3 0 0 4 3 0 0 2; 5 0 0 5 0 5 5 0 5 5 5 0 5 5 5 5 0 5][0.0109322, 2.5946, 2.67202, 2.5442, 0.105417, 1.34338, 1.50272, 1.16853, 1.19404, 2.66595, 1.55331, 1.05014, 0.0545633, 1.34162, 0.0283639, 0.735333, 1.48367, 0.0]
Horizon: 24.0 Events: 21 Generations: 75 Population: 4000 	--- Total Time: 132.470890 Optimal Fitness: 5619.907833 [1 1 0 1 1 1 1 0 1 1 1 1 1 1 1 0 0 1 1 1 0; 3 2 0 2 0 3 2 0 3 0 3 0 3 2 0 4 3 4 2 0 3; 0 2 2 0 3 0 0 0 3 0 2 0 0 3 0 4 3 4 4 4 3; 5 5 5 0 0 0 5 5 0 5 5 0 5 5 0 5 5 5 5 0 5][0.0159423, 0.349361, 2.28795, 0.386639, 0.0177094, 0.0129795, 0.4196, 2.25316, 1.07269, 1.5381, 2.18508, 0.442575, 0.0164316, 2.10033, 0.56697, 1.32975, 2.66915, 1.23697, 1.44224, 1.0625, 2.59387]
