Horizon: 8.00
Events: 5
TESTS: 30

Horizon: 8.0 Events: 5 Generations: 25 Population: 500 	--- Total Time: 2.065726 Optimal Fitness: 1499.125944 [1 1 1 1 0; 2 0 3 4 3; 2 0 3 4 3; 5 0 0 0 5][1.33981, 1.07345, 2.54235, 1.12021, 1.92419]
Horizon: 10.0 Events: 8 Generations: 50 Population: 1000 	--- Total Time: 10.249121 Optimal Fitness: 1897.544289 [1 1 1 1 1 1 0 1; 2 0 3 0 3 0 4 3; 2 0 3 0 4 4 4 3; 0 0 0 0 0 5 0 5][2.28071, 0.242513, 2.07798, 0.580406, 1.31788, 1.00526, 0.847684, 1.64756]
Horizon: 12.0 Events: 8 Generations: 50 Population: 1000 	--- Total Time: 10.330688 Optimal Fitness: 2563.002920 [0 1 1 1 1 0 1 1; 2 0 3 4 2 0 4 3; 2 0 3 4 3 0 4 3; 5 0 0 5 5 0 5 5][0.405767, 2.19461, 2.66493, 1.15872, 1.49623, 1.10484, 1.02832, 1.94659]
Horizon: 14.0 Events: 10 Generations: 75 Population: 1000 	--- Total Time: 17.763213 Optimal Fitness: 3207.309079 [1 1 1 0 0 1 1 1 0 1; 2 3 4 4 0 3 4 3 0 3; 2 3 2 0 3 0 4 2 2 3; 5 5 5 5 5 5 5 5 0 5][2.65332, 2.66533, 1.40419, 1.15497, 0.0691036, 2.66607, 1.2547, 0.00136032, 0.00615024, 2.12481]
Horizon: 16.0 Events: 12 Generations: 75 Population: 2000 	--- Total Time: 43.515113 Optimal Fitness: 3637.083333 [1 0 1 1 0 1 1 1 0 1 1 1; 0 2 2 3 0 4 2 4 0 3 0 4; 3 2 3 3 0 4 3 2 4 3 0 3; 0 0 0 5 5 5 5 5 0 5 5 5][0.164957, 2.67361, 2.69813, 0.860455, 1.81335, 1.33608, 2.66559, 0.127341, 1.23302, 0.257187, 2.07142, 0.0988578]
Horizon: 18.0 Events: 14 Generations: 75 Population: 2000 	--- Total Time: 46.819723 Optimal Fitness: 4129.361728 [1 0 1 0 0 0 1 1 1 1 0 0 0 1; 2 0 0 2 3 0 2 4 3 4 3 0 0 2; 2 0 0 3 0 2 3 4 3 4 3 0 0 3; 0 5 5 5 0 5 5 5 5 5 5 0 5 5][0.175271, 1.21028, 1.01504, 2.50492, 0.115609, 2.51922, 2.63978, 1.33327, 2.6141, 1.3331, 0.430897, 1.97361, 0.134914, 0.0]
Horizon: 20.0 Events: 16 Generations: 75 Population: 4000 	--- Total Time: 102.659903 Optimal Fitness: 4731.313329 [1 1 0 1 0 1 1 1 0 1 1 1 1 1 0 0; 2 0 3 2 2 3 0 4 0 3 0 2 4 4 3 3; 2 3 0 4 3 2 0 4 0 4 3 0 4 2 4 3; 0 5 0 0 0 0 0 0 5 5 0 5 5 5 5 5][2.65524, 0.00666236, 2.66498, 0.0146571, 2.67411, 2.59891, 0.0657568, 1.24524, 0.00998266, 1.44768, 1.21611, 1.94275, 1.29138, 0.00172808, 0.00792281, 2.15688]
Horizon: 22.0 Events: 18 Generations: 75 Population: 4000 	--- Total Time: 116.494774 Optimal Fitness: 5467.985791 [1 1 1 0 0 1 1 1 1 1 0 0 1 1 1 1 1 0; 2 3 0 3 2 0 4 2 2 0 0 0 4 3 0 0 4 3; 2 3 0 2 4 3 0 3 0 0 0 4 0 3 0 0 4 3; 5 5 0 5 5 0 5 5 5 0 5 5 0 5 5 5 0 5][2.66428, 2.1297, 0.473537, 2.6636, 1.33579, 1.32854, 1.33594, 0.01794, 0.00446583, 2.51068, 0.0977999, 0.0529944, 1.27955, 2.36259, 0.0774901, 0.222472, 1.29298, 2.14965]
Horizon: 24.0 Events: 21 Generations: 75 Population: 4000 	--- Total Time: 133.589125 Optimal Fitness: 5809.006892 [1 1 1 1 0 1 1 1 1 0 1 1 0 0 1 1 1 1 1 1 0; 2 0 3 0 4 2 3 0 4 0 3 4 4 2 0 3 0 4 0 0 3; 4 2 3 0 2 0 0 3 0 0 2 3 0 4 3 0 4 0 0 0 3; 5 0 5 5 5 0 0 5 5 5 0 5 5 5 5 0 5 0 5 0 5][0.0420528, 2.64937, 0.780566, 1.91375, 1.35846, 0.0286705, 1.28767, 1.27808, 1.19102, 0.222107, 2.67061, 1.33923, 1.33265, 1.57409, 0.994325, 1.83592, 0.226964, 0.901943, 0.163632, 0.0939297, 2.11497]
