TESTS: 50

Horizon: 12.0 Events: 4 Population: 500 Generations: 25 	--- Total Time: 2.031607 Optimal Fitness: 71.450823
Horizon: 24.0 Events: 10 Population: 500 Generations: 25 	--- Total Time: 4.259066 Optimal Fitness: 244.982931
Horizon: 36.0 Events: 14 Population: 500 Generations: 25 	--- Total Time: 5.529619 Optimal Fitness: 412.328234
Horizon: 48.0 Events: 23 Population: 1000 Generations: 50 	--- Total Time: 36.614785 Optimal Fitness: 613.757650
Horizon: 60.0 Events: 27 Population: 1000 Generations: 50 	--- Total Time: 43.281425 Optimal Fitness: 781.249636
Horizon: 72.0 Events: 33 Population: 1000 Generations: 50 	--- Total Time: 51.595121 Optimal Fitness: 958.010447
