no_units:4
no_storages:9
no_instructions:5
products:8,9
storage_capacity:Inf,Inf,Inf,100.0,200.0,150.0,200.0,Inf,Inf
initial_storage_amounts:Inf,Inf,Inf,0.0,0.0,0.0,0.0,0.0,0.0
heater:100.0,4,0.6667,0.00667
reactor_1:50.0,1,1.3333,0.02664,2,1.3333,0.02664,3,0.6667,0.01332
reactor_2:80.0,1,1.3333,0.01665,2,1.3333,0.01665,3,0.6667,0.00833
Still:200.0,5,1.3342,0.00666
